RECHERCHE PAR NUMERO
LIVRE PRESENT :
Liste Chainée      Table de Hachage
0.000076           0.000053
0.000080           0.000058
0.000064           0.000097
0.000056           0.000055
0.000059           0.000062
0.000088           0.000060
0.000059           0.000061
0.000056           0.000057
0.000055           0.000059
0.000059           0.000047

LIVRE ABSENT:
Liste Chainée      Table Hachage
0.000086           0.000057
0.000056           0.000059
0.000020           0.000079
0.000087           0.000066
0.000084           0.000055
0.000013           0.000074
0.000083           0.000056
0.000054           0.000051
0.000054           0.000057
0.000069           0.000058


RECHERCHE PAR TITRE
LIVRE PRESENT:
Liste Chainée      Table Hachage
0.000067           0.000073
0.000072           0.000062
0.000059           0.000062
0.000075           0.000062
0.000056           0.000082
0.000059           0.000062
0.000058           0.000072
0.000105           0.000062
0.000098           0.000062
0.000060           0.000077

LIVRE ABSENT: 
Liste Chainée      Table Hachage
0.000012           0.000067
0.000018           0.000071
0.000058           0.000068
0.000022           0.000067
0.000017           0.000069
0.000055           0.000083
0.000057           0.000059
0.000056           0.000069
0.000055           0.000067
0.000015           0.000069


RECHERCHE PAR AUTEUR
LIVRE PRESENT:
Liste Chainée      Table Hachage
0.000011           0.000007
0.000009           0.000011 
0.000011           0.000007
0.000011           0.000008
0.000009           0.000008
0.000008           0.000008
0.000009           0.000008
0.000010           0.000008
0.000009           0.000007
0.000010           0.000004
 
LIVRE ABSENT:
Liste Chainée      Table Hachage
0.000073           0.000007
0.000060           0.000005
0.000040           0.000007
0.000066           0.000006
0.000056           0.000005
0.000072           0.000006
0.000070           0.000006
0.000056           0.000005
0.000070           0.000005
0.000054           0.000006